,0,1,2,3
0,1901,Racoon,2020-05-05 18:36:00,m
1,1901,NairalandSon,2020-05-05 18:38:00,?
2,1901,clevvermind,2020-05-05 18:39:00,m
3,1901,Racoon,2020-05-05 18:40:00,m
4,1901,Nbote,2020-05-05 18:42:00,m
5,1901,dadebayo1,2020-05-05 18:46:00,m
6,1901,Tetrahedron,2020-05-05 18:47:00,?
7,1901,thundafire,2020-05-05 18:48:00,?
8,1901,Spysees,2020-05-05 18:49:00,?
9,1901,Jakumo,2020-05-05 18:49:00,m
10,1901,babasolution,2020-05-05 18:58:00,?
11,1901,jlinkd78,2020-05-05 18:58:00,m
12,1901,Rem22,2020-05-05 18:58:00,m
13,1901,Racoon,2020-05-05 18:59:00,m
14,1901,Fidelismaria,2020-05-05 19:31:00,?
15,1901,gretblue,2020-05-05 19:35:00,?
16,1901,tbtosine,2020-05-05 19:37:00,m
17,1901,LibertyRep,2020-05-05 19:39:00,?
18,1901,gretblue,2020-05-05 19:40:00,?
19,1901,Trailblazer1,2020-05-05 19:41:00,m
20,1901,StagethemTVee,2020-05-05 19:48:00,?
21,1901,tayebest,2020-05-05 19:52:00,m
22,1901,Benbellamor,2020-05-05 20:01:00,?
23,1901,Confirmedzombie,2020-05-05 20:24:00,?
24,1901,sapientia,2020-05-05 20:30:00,m
25,1901,Honor10,2020-05-05 20:35:00,?
26,1901,softplace,2020-05-05 20:36:00,?
27,1901,seanjy4konji,2020-05-05 20:36:00,?
28,1901,mickelkingz,2020-05-05 20:36:00,m
29,1901,davidodiba,2020-05-05 20:36:00,m
30,1901,Olarewaju89,2020-05-05 20:36:00,?
31,1901,Btruth,2020-05-05 20:36:00,?
32,1901,mickelkingz,2020-05-05 20:36:00,m
33,1901,Samirana360,2020-05-05 20:36:00,m
34,1901,4four,2020-05-05 20:37:00,m
35,1901,eyinjuege,2020-05-05 20:37:00,?
36,1901,Fragility6,2020-05-05 20:37:00,?
37,1901,jrusky,2020-05-05 20:38:00,m
38,1901,Cousin9999,2020-05-05 20:38:00,?
39,1901,jericco1,2020-05-05 20:39:00,m
40,1901,Racoon,2020-05-05 20:39:00,m
41,1901,strafist911,2020-05-05 20:39:00,?
42,1901,Alexaonfleek,2020-05-05 20:40:00,f
43,1901,Danelo,2020-05-05 20:41:00,m
44,1901,Heffalump,2020-05-05 20:43:00,m
45,1901,humblemikel,2020-05-05 20:43:00,f
46,1901,quentin06,2020-05-05 20:43:00,?
47,1901,vigate,2020-05-05 20:43:00,m
48,1901,Doneyoung,2020-05-05 20:43:00,m
49,1901,ivieeseosa,2020-05-05 20:44:00,?
50,1901,backtalkG,2020-05-05 20:45:00,m
51,1901,Antichristus,2020-05-05 20:45:00,?
52,1901,visijo,2020-05-05 20:46:00,m
53,1901,Doneyoung,2020-05-05 20:46:00,m
54,1901,pennywys,2020-05-05 20:46:00,m
55,1901,nograv,2020-05-05 20:47:00,?
56,1901,blowjohn,2020-05-05 20:48:00,m
57,1901,cpmconsultingltd,2020-05-05 20:49:00,?
58,1901,JubrinElSudan,2020-05-05 20:49:00,?
59,1901,Centcanada,2020-05-05 20:49:00,?
60,1901,Spicedessay,2020-05-05 20:50:00,m
61,1901,BigBashiru,2020-05-05 20:50:00,?
62,1901,Cyberbasil,2020-05-05 20:50:00,?
63,1901,kristisking,2020-05-05 20:51:00,m
64,1901,chuckstene,2020-05-05 20:52:00,?
65,1901,Virtplus,2020-05-05 20:52:00,m
66,1901,Amudeneogu,2020-05-05 20:54:00,?
67,1901,israelmao,2020-05-05 20:56:00,m
68,1901,Kenn55,2020-05-05 20:56:00,?
69,1901,sagir1994,2020-05-05 20:56:00,m
70,1901,onyxo76,2020-05-05 20:56:00,m
71,1901,Benwallt,2020-05-05 20:57:00,m
72,1901,Amudeneogu,2020-05-05 21:00:00,?
73,1901,uduaksun,2020-05-05 21:03:00,m
74,1901,Cantonese,2020-05-05 21:03:00,?
75,1901,Perfecttouchade,2020-05-05 21:05:00,?
76,1901,Justicefred22,2020-05-05 21:05:00,m
77,1901,oluwasegun007,2020-05-05 21:07:00,m
78,1901,Gbogbowa,2020-05-05 21:07:00,?
79,1901,Justicefred22,2020-05-05 21:08:00,m
80,1901,idonhammer,2020-05-05 21:09:00,?
81,1901,Obidon1,2020-05-05 21:10:00,m
82,1901,akin9ja78,2020-05-05 21:11:00,m
83,1901,Jahwinaboy,2020-05-05 21:14:00,m
84,1901,?,2020-05-05 21:18:00,?
85,1901,Maski87,2020-05-05 21:21:00,?
86,1901,skyfather09,2020-05-05 21:21:00,m
87,1901,obi4eze,2020-05-05 21:22:00,?
88,1901,onadana,2020-05-05 21:23:00,?
89,1901,Bahamas95,2020-05-05 21:24:00,?
90,1901,panpan,2020-05-05 21:26:00,m
91,1901,Scanfrost,2020-05-05 21:27:00,?
92,1901,LivingSage,2020-05-05 21:28:00,f
93,1901,hardcore007,2020-05-05 21:29:00,?
94,1901,Kenny9857,2020-05-05 21:29:00,?
95,1901,simhosting,2020-05-05 21:31:00,?
96,1901,ojuolu,2020-05-05 21:33:00,m
97,1901,Akolawole,2020-05-05 21:34:00,m
98,1901,johnad3,2020-05-05 21:38:00,m
99,1901,churchill45,2020-05-05 21:43:00,?
100,1901,tetralogyfallot,2020-05-05 21:44:00,m
101,1901,princechina,2020-05-05 21:49:00,m
102,1901,tbtosine,2020-05-05 22:04:00,m
103,1901,Vicilo,2020-05-05 22:08:00,m
104,1901,ElXolomon,2020-05-05 22:09:00,?
105,1901,DeRay98,2020-05-05 22:11:00,m
106,1901,tbtosine,2020-05-05 22:11:00,m
107,1901,Dpaulie,2020-05-05 22:14:00,?
108,1901,?,2020-05-05 22:16:00,?
109,1901,Asour,2020-05-05 22:23:00,?
110,1901,bkool7,2020-05-05 22:28:00,m
111,1901,kendrick93,2020-05-05 22:30:00,m
112,1901,Peppermintflav,2020-05-05 22:34:00,?
113,1901,Pizzle1234,2020-05-05 22:41:00,m
114,1901,Angelfrost,2020-05-05 22:42:00,m
115,1901,easyelliot,2020-05-05 22:47:00,m
116,1901,wakeupgian,2020-05-05 22:52:00,m
117,1901,wakeupgian,2020-05-05 22:53:00,m
118,1901,Ayomilezz,2020-05-05 23:06:00,m
119,1901,chiwex,2020-05-05 23:12:00,m
120,1901,Brainboxfid,2020-05-05 23:14:00,f
121,1901,whiteafrique,2020-05-05 23:36:00,?
122,1901,PureGoldh,2020-05-06 00:05:00,m
123,1901,emecheboy2,2020-05-06 00:17:00,m
124,1901,BEKAZ,2020-05-06 00:20:00,m
125,1901,suko2003,2020-05-06 00:21:00,?
126,1901,BAMSRAY,2020-05-06 00:57:00,m
127,1901,Ghostmode2two,2020-05-06 00:59:00,m
128,1901,winj,2020-05-06 02:03:00,?
129,1901,EmekaBlue,2020-05-06 02:22:00,m
130,1901,Angrymode,2020-05-06 02:26:00,?
131,1901,Joefat,2020-05-06 03:24:00,m
132,1901,Originalsly,2020-05-06 04:01:00,?
133,1901,abasiofonokon,2020-05-06 04:39:00,?
134,1901,emotionada,2020-05-06 05:55:00,?
135,1901,whiteeyes,2020-05-06 05:58:00,?
136,1901,pressplay411,2020-05-06 06:48:00,m
137,1901,Jakumo,2020-05-06 07:37:00,m
138,1901,ogolad,2020-05-06 08:00:00,?
139,1901,danzyworld1,2020-05-06 09:59:00,m
140,1901,Erastuslove,2020-05-06 10:16:00,?
141,1901,ddeola,2020-05-06 10:54:00,?
142,1901,mozona,2020-05-06 12:32:00,m
143,1901,olugabbie,2020-05-06 17:56:00,m
144,1901,babasolution,2020-05-06 19:52:00,?
145,1901,Jakumo,2020-05-06 20:10:00,m
146,1901,Yakyah,2020-05-06 23:01:00,?
147,1901,Julietlove95,2020-05-07 12:08:00,f
148,1901,olugabbie,2020-06-05 11:32:00,m
